0,18,16,19,21,5,18,7,21,37
18,0,29,18,38,7,43,45,2,43
16,29,0,45,7,7,2,13,17,34
19,18,45,0,18,23,2,25,23,28
21,38,7,18,0,33,32,23,17,28
5,7,7,23,33,0,8,39,38,39
18,43,2,2,32,8,0,13,24,20
7,45,13,25,23,39,13,0,18,17
21,2,17,23,17,38,24,18,0,33
37,43,34,28,28,39,20,17,33,0
