0,6,9,8,2,14,19,4,18,10
6,0,17,1,10,5,8,6,10,16
9,17,0,2,4,1,6,12,4,14
8,1,2,0,9,15,10,5,17,9
2,10,4,9,0,13,16,12,14,14
14,5,1,15,13,0,1,8,7,19
19,8,6,10,16,1,0,11,5,18
4,6,12,5,12,8,11,0,2,12
18,10,4,17,14,7,5,2,0,5
10,16,14,9,14,19,18,12,5,0
