0,27,28,29,11,24,11,17,16,16,18,18,29,7,16
27,0,14,4,19,26,15,9,10,4,6,21,25,7,7
28,14,0,2,4,24,23,7,29,3,8,25,14,27,17
29,4,2,0,8,23,1,22,4,4,26,4,23,29,18
11,19,4,8,0,18,22,11,6,14,22,28,14,20,12
24,26,24,23,18,0,3,26,4,8,28,20,17,12,18
11,15,23,1,22,3,0,26,5,8,25,22,8,9,23
17,9,7,22,11,26,26,0,7,14,26,4,18,8,19
16,10,29,4,6,4,5,7,0,5,12,9,13,28,26
16,4,3,4,14,8,8,14,5,0,2,5,13,14,20
18,6,8,26,22,28,25,26,12,2,0,29,22,6,29
18,21,25,4,28,20,22,4,9,5,29,0,22,2,25
29,25,14,23,14,17,8,18,13,13,22,22,0,11,1
7,7,27,29,20,12,9,8,28,14,6,2,11,0,10
16,7,17,18,12,18,23,19,26,20,29,25,1,10,0
