0,12,5,31,5,40,12,24,8,21,13,11,42,43,9
12,0,45,5,8,5,18,21,6,10,32,37,47,2,3
5,45,0,23,7,29,48,48,33,17,41,25,31,49,43
31,5,23,0,38,32,28,11,41,11,36,26,18,41,7
5,8,7,38,0,1,33,32,28,38,41,40,43,48,40
40,5,29,32,1,0,8,28,45,3,37,48,41,14,47
12,18,48,28,33,8,0,33,15,27,12,37,2,13,23
24,21,48,11,32,28,33,0,19,43,20,46,41,23,12
8,6,33,41,28,45,15,19,0,43,36,43,37,10,20
21,10,17,11,38,3,27,43,43,0,43,9,30,12,19
13,32,41,36,41,37,12,20,36,43,0,38,26,29,22
11,37,25,26,40,48,37,46,43,9,38,0,20,15,9
42,47,31,18,43,41,2,41,37,30,26,20,0,30,35
43,2,49,41,48,14,13,23,10,12,29,15,30,0,17
9,3,43,7,40,47,23,12,20,19,22,9,35,17,0