0,7,18,67,65,58,80,34,73,76,65,35,32,93,82
7,0,7,64,33,51,92,66,4,95,82,85,2,75,53
18,7,0,18,30,97,33,5,59,57,26,93,94,46,56
67,64,18,0,69,22,33,73,78,72,59,82,53,48,71
65,33,30,69,0,91,63,12,57,36,71,26,5,32,59
58,51,97,22,91,0,21,40,82,12,90,19,73,57,63
80,92,33,33,63,21,0,93,25,97,5,26,73,40,9
34,66,5,73,12,40,93,0,4,26,5,34,99,53,35
73,4,59,78,57,82,25,4,0,71,79,85,51,69,82
76,95,57,72,36,12,97,26,71,0,16,19,89,33,68
65,82,26,59,71,90,5,5,79,16,0,2,54,29,91
35,85,93,82,26,19,26,34,85,19,2,0,9,71,52
32,2,94,53,5,73,73,99,51,89,54,9,0,26,54
93,75,46,48,32,57,40,53,69,33,29,71,26,0,72
82,53,56,71,59,63,9,35,82,68,91,52,54,72,0
