0,85,84,77,59,62,4,73,45,28,68,16,15,89,31,56,69,92,68,16
85,0,59,82,45,26,44,82,53,68,91,20,40,64,9,80,12,81,30,78
84,59,0,23,72,72,13,69,32,88,82,90,85,57,37,50,44,56,79,80
77,82,23,0,43,41,92,8,73,5,83,16,98,71,26,47,92,49,3,9
59,45,72,43,0,5,43,16,92,26,37,14,72,42,42,82,95,2,91,90
62,26,72,41,5,0,67,36,48,13,8,95,8,4,18,70,9,4,38,86
4,44,13,92,43,67,0,31,87,82,60,91,75,11,40,62,45,98,68,23
73,82,69,8,16,36,31,0,23,3,14,27,89,39,56,10,74,73,7,52
45,53,32,73,92,48,87,23,0,14,23,35,6,90,20,15,12,18,26,16
28,68,88,5,26,13,82,3,14,0,59,44,10,42,15,24,12,81,56,76
68,91,82,83,37,8,60,14,23,59,0,31,37,40,93,44,51,59,90,35
16,20,90,16,14,95,91,27,35,44,31,0,14,40,35,27,50,93,27,75
15,40,85,98,72,8,75,89,6,10,37,14,0,5,43,40,60,99,5,58
89,64,57,71,42,4,11,39,90,42,40,40,5,0,46,15,96,28,10,58
31,9,37,26,42,18,40,56,20,15,93,35,43,46,0,98,61,85,33,21
56,80,50,47,82,70,62,10,15,24,44,27,40,15,98,0,55,38,64,57
69,12,44,92,95,9,45,74,12,12,51,50,60,96,61,55,0,52,28,1
92,81,56,49,2,4,98,73,18,81,59,93,99,28,85,38,52,0,30,35
68,30,79,3,91,38,68,7,26,56,90,27,5,10,33,64,28,30,0,77
16,78,80,9,90,86,23,52,16,76,35,75,58,58,21,57,1,35,77,0
