0,46,7,14,39,11,6,16,6,21,11,27,34,26,9,6,8,28,7,26
46,0,14,24,7,37,6,39,46,44,10,20,24,42,41,39,22,30,36,10
7,14,0,39,39,13,10,24,10,21,38,13,4,3,48,10,38,25,49,12
14,24,39,0,47,25,8,45,23,28,12,16,7,17,45,32,21,26,7,15
39,7,39,47,0,1,5,36,31,16,23,28,37,20,2,9,40,14,13,29
11,37,13,25,1,0,14,42,26,12,25,11,41,28,35,10,10,14,17,44
6,6,10,8,5,14,0,20,16,35,40,6,42,6,20,43,43,12,3,32
16,39,24,45,36,42,20,0,13,10,23,34,45,34,43,21,26,5,26,26
6,46,10,23,31,26,16,13,0,9,22,37,32,6,26,45,27,13,11,10
21,44,21,28,16,12,35,10,9,0,7,38,44,17,4,32,47,13,6,14
11,10,38,12,23,25,40,23,22,7,0,28,37,30,36,4,20,26,35,43
27,20,13,16,28,11,6,34,37,38,28,0,24,13,3,30,18,31,38,25
34,24,4,7,37,41,42,45,32,44,37,24,0,32,39,19,10,2,32,9
26,42,3,17,20,28,6,34,6,17,30,13,32,0,8,37,33,5,49,14
9,41,48,45,2,35,20,43,26,4,36,3,39,8,0,24,1,8,44,35
6,39,10,32,9,10,43,21,45,32,4,30,19,37,24,0,15,28,13,11
8,22,38,21,40,10,43,26,27,47,20,18,10,33,1,15,0,12,19,26
28,30,25,26,14,14,12,5,13,13,26,31,2,5,8,28,12,0,40,34
7,36,49,7,13,17,3,26,11,6,35,38,32,49,44,13,19,40,0,17
26,10,12,15,29,44,32,26,10,14,43,25,9,14,35,11,26,34,17,0
