0,13,8,9,16,19,22,18,28,8,12,37,48,6,24,
13,0,35,12,48,9,5,41,47,47,26,20,45,2,31,
8,35,0,6,43,11,38,48,39,42,3,9,32,5,33,
9,12,6,0,5,19,25,32,5,49,35,47,34,19,14,
16,48,43,5,0,11,33,2,17,39,18,47,45,32,31,
19,9,11,19,11,0,31,28,3,24,34,7,23,13,18,
22,5,38,25,33,31,0,25,42,16,25,14,8,9,43,
18,41,48,32,2,28,25,0,3,19,15,43,32,44,14,
28,47,39,5,17,3,42,3,0,0,10,0,8,33,1,
8,47,42,49,39,24,16,19,0,0,43,25,44,1,28,
12,26,3,35,18,34,25,15,10,43,0,12,10,35,9,
37,20,9,47,47,7,14,43,0,25,12,0,38,9,25,
48,45,32,34,45,23,8,32,8,44,10,38,0,4,23,
6,2,5,19,32,13,9,44,33,1,35,9,4,0,38,
24,31,33,14,31,18,43,14,1,28,9,25,23,38,0,
0.0,1.45121281116169,0.9954937341557462,1.7916167625369293,0.8223237442435061,0.960013906350778,1.612618069321404,1.6823664127654878,1.6881764076011483,1.8136344046166042,0.7118351719958578,0.6657675947409991,1.582509070581638,1.0739942590089915,1.335289602717235,
1.8984065276303823,0.0,0.6539695468817739,1.7450643877897263,0.2942497572671712,0.8526761207148277,1.6215589936169728,0.9262702956820852,0.8095241138669831,1.4493604349373594,0.9526083040008182,0.9473454063737499,0.5534402808900893,0.11834898585613818,1.1557820787992337,
1.7933280947528092,1.2798819114725857,0.0,0.6940085504478528,1.0799321188000204,1.0023193054985828,0.4326057921839126,1.1686480664308416,1.1054027162353508,1.7596576080263362,1.1984717847937623,0.024615170009806286,1.2514078610708426,1.6418047534360631,1.8099768439491646,
1.4924791787771128,1.780646858681428,0.934205132608317,0.0,0.5455212226613628,0.7703392630785557,0.5459551134273177,0.7436702009331899,1.0273164531798569,1.3996582058230782,0.6852875985619018,1.3626783624082577,1.9331936184169012,0.8195225576502636,0.32876148191700105,
0.16685575010467435,0.13346122408226324,1.0884766599340423,0.639128557622306,0.0,0.41554973900779246,1.2073133305668011,1.1269322427880362,1.0754628237390083,0.8878078072883224,1.1112740361891442,0.13072285628394265,1.4658227905123447,0.5624639009170103,1.9472056990863185,
0.3560194110747714,1.9212364815646328,1.3128991422247318,0.9481772534485133,1.877149492717103,0.0,0.34984951234787043,0.6371141381561483,1.2619066745891943,1.552738074730341,1.2720260806507755,0.11601610851698707,0.3147313846644151,0.9641126561629974,1.6363897510801457,
1.9525121175398814,0.5915432476113949,0.9564548251093341,0.6412895724197705,1.4876052810330844,1.8325214720037217,0.0,0.3423418471466888,0.33026700864433,0.9449345741931996,0.8457329475638782,0.824963730675077,0.5143332280795421,0.28107946240861725,1.441910593132231,
1.0515350261614171,0.845037852205051,0.40568992827287675,0.1463971830019446,1.484604197872595,0.4934662082099672,1.204594101972813,0.0,0.22201575042872967,1.3297061041724112,1.6607422971196415,1.80320789588578,0.6904306366558317,0.7129653653180921,0.24088309944017006,
1.9308133977696704,0.16955990234444496,1.573948866825243,1.4687424887330838,1.703812662715325,0.8082149855876386,1.0206439489789516,0.8123523775503965,0.0,0.7843950670167525,1.9100490366652645,0.15951284239924912,1.1145032663945342,1.8679022602499633,1.1670133757551497,
1.4200073874543986,1.8634617171087065,1.5165322140001223,1.0940213410899673,0.17682340878025538,0.19408760040061712,1.2291134737770153,0.2538273045811721,1.8528983275016537,0.0,0.911342278574216,0.5880002844751719,1.322911567159987,0.7613116930419805,1.517562839843105,
0.6574130810533492,1.7703460537306748,1.5957004472251286,0.3484661872693573,0.3567655502344518,0.8533715728738231,0.8686538401564474,0.8224359348360306,0.16291442416434299,1.3831642192926474,0.0,1.6691713048102423,0.23128362968554894,0.603322671707696,0.045683147932156665,
0.08825508778414148,1.102656287040754,1.0155776950802597,0.3954911386113287,1.5519302877463084,0.005137228553872442,0.9265361731720976,0.5511985770337597,0.39054638780414064,0.7136488234011116,0.13681268900068733,0.0,1.3421219861128577,0.3304759737019898,0.27806352633343545,
1.7048718531739921,1.5755385932458752,0.5688977214298747,0.021259292522139317,1.0623608406852765,1.257487223279276,1.8150905940695579,0.5197638217916816,1.5425122683530725,1.2085765181931734,1.5646851638253365,0.7824182773250676,0.0,0.7816936375556272,0.4271444933973241,
0.10997365918016055,0.13819718001039094,0.4069605682141382,1.7790327167638698,1.8542838583330372,1.6777498090941394,0.8275236317564236,1.8061232809245833,0.6474318324859869,0.7749218812154626,0.014345902858429183,1.4708012697078316,1.6294933795165418,0.0,0.46127420413343123,
0.11988356288596647,0.9730804202815475,1.7799357434440402,0.8614821364495384,0.430753461429334,0.029927203004558534,0.6181356472186421,0.04977582142856707,0.26258831532852334,0.48727002489789517,1.670339108815268,1.49280949566733,0.33251066106919835,0.29544940694116595,0.0,
