0,41,57,95,55,53,45,14,50,35,92,67,51,76,61,48,17,58,19,4,
41,0,57,56,20,89,38,38,17,81,77,56,59,1,57,27,17,27,56,82,
57,57,0,26,91,54,44,94,71,72,37,71,18,64,36,94,84,81,42,68,
95,56,26,0,48,97,30,80,68,83,24,76,0,43,68,27,87,49,64,25,
55,20,91,48,0,100,97,71,79,82,70,89,30,32,18,96,80,14,97,61,
53,89,54,97,100,0,60,26,45,84,38,10,37,2,32,72,63,92,34,13,
45,38,44,30,97,60,0,60,38,12,1,36,67,5,67,57,38,70,64,92,
14,38,94,80,71,26,60,0,16,30,42,71,27,16,15,68,53,66,73,96,
50,17,71,68,79,45,38,16,0,0,97,7,35,9,19,50,56,41,89,31,
35,81,72,83,82,84,12,30,0,0,98,67,99,6,79,87,32,16,14,12,
92,77,37,24,70,38,1,42,97,98,0,72,71,70,16,48,42,13,82,36,
67,56,71,76,89,10,36,71,7,67,72,0,75,54,52,79,96,52,83,5,
51,59,18,0,30,37,67,27,35,99,71,75,0,36,62,75,97,69,8,99,
76,1,64,43,32,2,5,16,9,6,70,54,36,0,68,76,25,38,40,4,
61,57,36,68,18,32,67,15,19,79,16,52,62,68,0,21,89,50,43,36,
48,27,94,27,96,72,57,68,50,87,48,79,75,76,21,0,27,25,77,28,
17,17,84,87,80,63,38,53,56,32,42,96,97,25,89,27,0,96,64,84,
58,27,81,49,14,92,70,66,41,16,13,52,69,38,50,25,96,0,14,12,
19,56,42,64,97,34,64,73,89,14,82,83,8,40,43,77,64,14,0,3,
4,82,68,25,61,13,92,96,31,12,36,5,99,4,36,28,84,12,3,0,
0.0,1.5790561977191426,1.3481303086537888,0.8061049074708597,1.078795164910661,0.6585128450019659,0.15520281081311493,0.9891802753872023,1.8015781460215914,1.5345056079663761,1.9574337371054693,0.6514946399589974,1.6514901121539232,0.9929710082681136,1.3646774914739785,0.16795873786320792,0.8118031996566082,0.2891920479319925,0.4105883689927665,0.3020195918598827,
0.5172097970712357,0.0,1.582277826066719,0.9195987633004916,1.7361290929581417,0.47393144843227963,1.6019044134415787,1.9325227477556772,0.06470411900049844,0.292484859028709,0.8343959004293442,0.9573204916317004,1.2292790536849356,1.6230213072925659,0.445423776788765,1.8259551520625075,0.34853866116367604,0.2542552641448186,0.9550877354343477,1.237461210738561,
1.0408987528591396,1.2645656642340293,0.0,0.5256454906401118,0.8212415428478443,1.4101410993177512,0.20843810292707143,1.321670265813875,0.08939235334641715,1.9024120490672916,0.9998139037080735,0.4971639251646276,1.944944559049196,0.06402328935308388,0.7391707052549874,0.22562580029546098,1.6129743575010478,1.9335568971314758,1.2525758039717008,0.12001003333672577,
1.7585018839746105,0.269633570214745,0.004071425863700018,0.0,1.223876448722455,1.1001318498499308,1.209464482059315,1.6493738564828258,1.358090455885757,0.6289215984312937,0.21632960391865685,0.5670357192824493,0.3756390886144916,1.3616540889128563,1.5310216477189318,0.8872343688386115,1.2382374623569943,1.8164765591945486,1.7989209891115066,1.8987548243298376,
1.7413855264664542,1.6729054732331654,1.3878354370423411,0.21832827118530584,0.0,1.1696374164760415,1.5999181539800702,1.2104051951877663,1.1263168594131925,0.6825444570667287,0.3939268295380072,0.9683531339033375,1.2880954225199706,1.366765496970644,0.40777677139430546,1.7750043249751652,0.37692238098818076,1.7251890307346491,1.9737054483089669,1.4994252830768418,
1.4834067288936825,1.024812880550006,1.984862075784223,0.103595669770699,1.6369177037465663,0.0,0.03806426085300352,1.0151880442874093,1.1878333897146336,0.17974238146742127,0.9649537338017207,1.9961242985704024,0.1751120371461874,1.4360217277865368,0.9249174932419844,0.3569091762604082,0.589039257637092,1.3212839222366055,1.5976562213991934,1.1555835407589556,
1.0314734162356505,1.8677936386234544,0.14320518837880836,0.7189025015519432,1.3436462064074342,1.625241708934076,0.0,1.2456033791239935,0.9660818770274666,0.4200950480040728,1.4710603258725814,1.335857386782458,0.36486122517698827,1.8997974657166181,1.3716601381566946,0.12364792615923914,0.46615946260313823,0.9270017569409137,1.3231951660931416,1.3998921756248988,
0.4493090657668539,0.07997093163360636,0.22236525689297282,1.5915847298781272,0.0034027476439950632,0.9150628663965636,0.3348109245903932,0.0,0.21528017112490883,1.2478414805256202,1.1533647159645253,1.8076411208003096,0.6763837507851407,0.9891596741475039,1.9158460729788942,1.1866013639173605,1.8195702416555146,0.31029268995589665,1.4403010106413132,1.9266435752787907,
0.30388631587772363,0.8375639635918215,1.020073190119767,0.6127388226097614,1.8383950595773375,1.7309814220249853,1.4028116411089526,0.12748056902129656,0.0,0.18582620070453237,1.8523571074701375,1.2706451804683792,0.8114061025360624,0.7690864832133326,0.19698555609736723,0.6658012462288729,1.1653128581699452,1.8763968664070951,1.6980438781197555,1.0836879937394208,
0.6517129805445521,0.5642383662923487,0.2546911415923472,0.46592065843820873,1.3817470254197173,0.1434455099055023,1.2774637724724187,1.3070552455042665,0.047420092806030434,0.0,0.8741649357368391,0.32666064480807044,0.6405152135338128,1.4062180400659987,1.4927335219395446,1.3359076806306653,1.6722082661279358,0.38156415945409683,1.281811839900892,0.4151595307674032,
0.4467485007178944,0.7499784561067391,1.4395630586252774,1.9224562941112775,1.104378309007124,0.19225066858230755,0.900786464243426,0.1454793096583249,1.241236135833218,1.8457339817206093,0.0,0.9404281843359132,0.9622630536913597,0.6273997930598358,0.46855208988040564,0.8067827690410847,1.8314903863927139,0.35325805375070174,0.8808865016341103,1.278208910657991,
1.6290522576379605,1.4335886177526167,1.8566217670059464,1.9347869427568631,1.5876562717245128,1.349852970360134,0.3797684060743598,1.6377849941185028,0.955148314187267,0.08552284959480105,0.839804294472202,0.0,1.2990575948170353,0.16603657983322706,0.3188321399280287,1.9101729979248259,0.6148071406047633,0.17690086871942667,1.775568698712727,1.5326973665737205,
0.6799850065539406,0.16360380340736613,0.7859848463993575,0.5219078829977655,1.968721081499868,0.686415752011194,1.0904780038758433,0.11778914999386991,0.2715426055159975,1.5244950832179218,1.4354816114510671,1.5700212095793988,0.0,0.062000378764562436,0.14604960992624338,1.812368238878348,0.1544698474755104,1.1951533362635114,0.8536180551865,0.9177160368010429,
1.432769972045834,1.620903177430234,1.3201725145970014,0.9338807629613681,1.0038855882528939,1.260403374112967,1.9623251618988595,0.7065602882623776,0.3043246873187335,1.7089265436345045,1.4892499087247828,1.2742971563522116,0.4392765193738344,0.0,1.8901445047729848,1.2836698754846738,0.20824390482088506,1.7246239991262111,1.1224927826860018,0.9343417059839987,
1.8548771282082,0.15011188763342753,0.7271357241295091,0.32405245210486333,0.1267992086737364,1.8037156703973718,1.7992603967121157,0.9156642584168124,1.5256672212827638,1.2995066304774305,0.10148512245808461,0.15986258557396948,0.4562525289659487,1.2053429355323564,0.0,0.2728120789317403,0.8169061530310193,1.2325131931556774,0.5580765657171831,0.262760703939791,
0.14202092006072808,0.39747265322546044,0.874455632823721,0.7133320700043493,0.6875372260189918,1.7719927034571046,1.1135610749032374,0.06774998224317796,0.43811922361014144,0.9878244924583854,0.22574863172636128,0.6622433244816148,1.288396836913726,0.9034708067244144,0.04421279649915655,0.0,0.6644561911778373,1.8211561219037562,1.28450869288506,0.055251190622063184,
0.19963551386026546,0.9313925054033034,0.2714638239783238,1.1451278721378992,1.625029120444119,0.2056617644308112,1.5577030780601155,1.7944133064565304,0.9766740230007793,0.9021897985297778,0.7379819131391891,0.8103600034293084,1.9549375328331766,1.8363012391278828,0.12735631978907236,1.8960567023742498,0.0,1.3010385833984919,1.0653191500455115,0.43350541009514654,
1.8998351736571475,0.44279992703459214,1.750844993116533,0.21771763799277521,1.1239794988908551,1.2818008015877729,0.37417224934670745,1.1067341129301984,0.6587544541190697,0.9148993807528976,1.1686890257651197,1.506422135153344,1.3129270633979448,1.9210083518963068,1.4439091884061581,1.1872326083594202,0.7083450642292777,0.0,0.12051744480531412,0.7979071664213759,
1.910184543608781,0.7730609820201475,1.9826037053331662,0.09334189003223203,0.3715801011256257,1.8904915393683155,1.1988321861197309,0.7081119914007716,0.5768888462707096,1.9329826665492515,0.4751632651033302,1.822408936727321,0.502616755533938,0.32495007687384914,1.9652343801094725,1.3832002443801754,1.044096350437361,1.0477875155642165,0.0,0.6533044259407852,
1.564901136977327,1.0328630948560833,1.4265222925085719,0.6045245440486944,0.8473533452845468,0.07672784686676049,1.8435492700473661,1.5734648456781566,0.7416467040079688,0.4471737541644458,1.8307351376588623,1.7705645160067225,1.3494621987281294,0.8119112107323749,0.8270552660826014,1.4331199479893337,0.6374089924530844,1.6661710107920071,1.1902465187937161,0.0,
